LC08_L2SP_184028_20130407_20200912_02_T2_ST_B10.TIF 89.90270766666667 18309.173532333334 0.9920519267061069
LC08_L2SP_184028_20130523_20200913_02_T2_ST_B10.TIF 48.32961011111111 15984.476149666667 0.9995055653760369
LC08_L2SP_184028_20130608_20200912_02_T1_ST_B10.TIF 80.87337922222223 58122.79190011111 0.995525429694876
LC08_L2SP_184028_20130624_20200912_02_T1_ST_B10.TIF 115.499422 84984.41639688889 0.989361777198721
LC08_L2SP_184028_20130710_20200912_02_T1_ST_B10.TIF 113.29472466666667 100691.22409711112 0.9592738636703593
LC08_L2SP_184028_20130726_20200912_02_T1_ST_B10.TIF 141.1430948888889 114253.1577411111 0.9688124108940219
LC08_L2SP_184028_20130811_20200912_02_T1_ST_B10.TIF 149.6892541111111 115648.18847388889 0.9966994520346415
LC08_L2SP_184028_20130827_20200912_02_T1_ST_B10.TIF 83.30325022222222 80982.84900088889 0.9974866671873128
LC08_L2SP_184028_20130912_20200912_02_T1_ST_B10.TIF 83.36350344444445 79406.19066033333 0.9957062639756225
LC08_L2SP_184028_20130928_20200913_02_T1_ST_B10.TIF 82.20083633333333 92184.34953455556 0.9533871607010426
LC08_L2SP_184028_20131014_20200912_02_T1_ST_B10.TIF 74.72006566666667 95754.55453811112 0.9627668850166912
LC08_L2SP_184028_20131030_20200912_02_T1_ST_B10.TIF 69.80223244444444 89931.90704866666 0.8231886004821034
LC08_L2SP_184028_20131115_20200912_02_T1_ST_B10.TIF 70.81619288888889 79642.73683933333 0.9769560044845866
LC08_L2SP_184028_20131217_20200912_02_T1_ST_B10.TIF 47.357882555555555 75703.06807477778 0.6001346743290764
LC08_L2SP_184028_20140102_20200912_02_T1_ST_B10.TIF 69.03693866666667 82874.74186066666 0.8887403981080668
LC08_L2SP_184028_20140118_20200912_02_T1_ST_B10.TIF 57.80856677777778 71701.922353 0.9911884382066948
LC08_L2SP_184028_20140203_20200912_02_T1_ST_B10.TIF 84.79623388888889 92951.60320255556 0.9303106133878066
LC08_L2SP_184028_20140219_20200911_02_T1_ST_B10.TIF 62.891366444444444 68324.94857888889 0.9967174544527203
LC08_L2SP_184028_20140307_20200911_02_T2_ST_B10.TIF 77.16576255555556 75161.42638588889 0.9884433702045278
LC08_L2SP_184028_20140323_20200911_02_T1_ST_B10.TIF 96.75959644444444 104474.505948 0.9250042695840418
LC08_L2SP_184028_20140408_20200912_02_T1_ST_B10.TIF 102.25018222222222 94276.78464466667 0.9388927003274801
LC08_L2SP_184028_20140424_20200911_02_T2_ST_B10.TIF 146.51691811111112 88075.61614411112 0.9982250212518841
LC08_L2SP_184028_20140510_20200911_02_T1_ST_B10.TIF 103.32916033333333 92877.96932766667 0.998380398601617
LC08_L2SP_184028_20140526_20200911_02_T1_ST_B10.TIF 156.54480611111111 127772.73760477778 0.958088842353741
LC08_L2SP_184028_20140611_20200911_02_T1_ST_B10.TIF 129.432938 112789.995486 0.9718313427213195
LC08_L2SP_184028_20140627_20200911_02_T1_ST_B10.TIF 111.442266 95622.26824888888 0.9927666614107348
LC08_L2SP_184028_20140713_20200911_02_T1_ST_B10.TIF 114.18401922222222 95573.91414788889 0.9808623085177652
LC08_L2SP_184028_20140729_20200911_02_T1_ST_B10.TIF 77.92553588888889 41474.039973666666 0.9998261267145075
LC08_L2SP_184028_20140814_20200911_02_T1_ST_B10.TIF 127.96712522222222 119080.17762277777 0.9598669413111395
LC08_L2SP_184028_20140830_20200911_02_T1_ST_B10.TIF 99.21565644444445 106689.41051066667 0.9115001218376843
LC08_L2SP_184028_20140915_20200910_02_T1_ST_B10.TIF 88.64146588888889 100271.158837 0.9954878027037971
LC08_L2SP_184028_20141001_20200911_02_T1_ST_B10.TIF 80.720989 91957.92681677778 0.9908203606025376
LC08_L2SP_184028_20141017_20200910_02_T1_ST_B10.TIF 66.65408166666667 58060.81018766667 0.9977626944103135
LC08_L2SP_184028_20141102_20200910_02_T1_ST_B10.TIF 66.19242322222222 72314.13146366666 0.9740610374908548
LC08_L2SP_184028_20141118_20200910_02_T2_ST_B10.TIF 82.01676122222223 35607.57119433333 0.9946119898947967
LC08_L2SP_184028_20141204_20200910_02_T1_ST_B10.TIF 65.26833111111111 74726.76065177777 0.8853107032104999
LC08_L2SP_184028_20141220_20200910_02_T1_ST_B10.TIF 67.14567133333334 60654.01604288889 0.9887831477006457
LC08_L2SP_184028_20150105_20200910_02_T1_ST_B10.TIF 57.20057244444445 78341.00798377777 0.9649280758256689
LC08_L2SP_184028_20150121_20200910_02_T1_ST_B10.TIF 68.43267 71163.383334 0.9891086132175189
LC08_L2SP_184028_20150206_20200909_02_T2_ST_B10.TIF 64.14972911111111 64373.95065177778 0.9892428086204358
LC08_L2SP_184028_20150222_20200909_02_T1_ST_B10.TIF 60.746925777777776 49013.908883777774 0.9952745482758364
LC08_L2SP_184028_20150310_20200909_02_T1_ST_B10.TIF 69.23602366666667 86034.41963166666 0.9973706611037664
LC08_L2SP_184028_20150326_20200909_02_T1_ST_B10.TIF 106.882275 96894.98814544444 0.9403977942718889
LC08_L2SP_184028_20150411_20200909_02_T1_ST_B10.TIF 107.60995077777778 97030.3584561111 0.9333614800036125
LC08_L2SP_184028_20150427_20200909_02_T1_ST_B10.TIF 156.41114633333333 133039.58139744445 0.9875632993447254
LC08_L2SP_184028_20150513_20200909_02_T1_ST_B10.TIF 68.31987922222223 84042.91787144444 0.9968376609245156
LC08_L2SP_184028_20150529_20200909_02_T1_ST_B10.TIF 109.58893766666667 97574.00936455556 0.9868401866921093
LC08_L2SP_184028_20150614_20200909_02_T1_ST_B10.TIF 141.60555622222222 113718.24397933333 0.9392585004175542
LC08_L2SP_184028_20150630_20200909_02_T1_ST_B10.TIF 118.87461622222222 101453.05636244445 0.9938870042792807
LC08_L2SP_184028_20150716_20200908_02_T1_ST_B10.TIF 123.75673766666667 104316.8552178889 0.9818551812114793
LC08_L2SP_184028_20150801_20200908_02_T1_ST_B10.TIF 111.526768 104262.80717844445 0.9817586572188495
LC08_L2SP_184028_20150817_20200908_02_T1_ST_B10.TIF 13.627442555555556 201.09028477777778 0.1755956909705897
LC08_L2SP_184028_20150902_20200908_02_T1_ST_B10.TIF 127.43283833333334 118406.91447366666 0.9036161182250074
LC08_L2SP_184028_20150918_20200908_02_T1_ST_B10.TIF 107.48947188888889 96688.08136855556 0.8963384665249781
LC08_L2SP_184028_20151004_20200908_02_T1_ST_B10.TIF 74.370237 80938.31145166667 0.9981329827827827
LC08_L2SP_184028_20151020_20200908_02_T1_ST_B10.TIF 76.29309766666667 89584.16977144445 0.9818252853322168
LC08_L2SP_184028_20151105_20200908_02_T1_ST_B10.TIF 75.262386 82491.98739777778 0.8873583312706878
LC08_L2SP_184028_20151121_20200908_02_T1_ST_B10.TIF 89.78680755555555 49908.59871577778 0.9989511198286132
LC08_L2SP_184028_20151207_20200908_02_T1_ST_B10.TIF 58.76030544444444 73114.74653077777 0.7485147759410984
LC08_L2SP_184028_20151223_20200908_02_T1_ST_B10.TIF 64.05592288888889 78117.59287777777 0.9318640566074474
LC08_L2SP_184028_20160108_20200907_02_T1_ST_B10.TIF 59.77029455555556 82639.57841744444 0.9422039948229581
LC08_L2SP_184028_20160124_20200907_02_T1_ST_B10.TIF 72.90542333333333 73509.29719422222 0.938527807521786
LC08_L2SP_184028_20160209_20200907_02_T1_ST_B10.TIF 83.24094088888889 92546.51742355556 0.9916503497267964
LC08_L2SP_184028_20160225_20200907_02_T1_ST_B10.TIF 71.20236466666667 81596.94342555555 0.9243733242940396
LC08_L2SP_184028_20160312_20200907_02_T2_ST_B10.TIF 59.634399888888886 72911.84716166666 0.9748299801962568
LC08_L2SP_184028_20160328_20200907_02_T1_ST_B10.TIF 80.721426 80052.25313733333 0.9945959587161597
LC08_L2SP_184028_20160413_20200907_02_T1_ST_B10.TIF 81.7584708888889 94441.83632555556 0.9375620809572427
LC08_L2SP_184028_20160429_20200907_02_T1_ST_B10.TIF 72.28614533333334 48553.68962688889 0.9979831616301639
LC08_L2SP_184028_20160515_20200907_02_T1_ST_B10.TIF 111.21991044444445 100271.86918488888 0.9927381182467675
LC08_L2SP_184028_20160531_20200906_02_T1_ST_B10.TIF 118.98258411111111 57324.06583588889 0.9996952939206595
LC08_L2SP_184028_20160616_20200906_02_T1_ST_B10.TIF 106.24762244444445 93013.64007933333 0.9809019522011263
LC08_L2SP_184028_20160702_20200906_02_T1_ST_B10.TIF 120.97383677777778 104494.54875633333 0.9362975094975319
LC08_L2SP_184028_20160718_20200906_02_T1_ST_B10.TIF 64.80663344444444 79013.63034988889 0.9820829688756563
LC08_L2SP_184028_20160803_20200906_02_T1_ST_B10.TIF 96.59971455555555 95771.96475633333 0.9825019290325018
LC08_L2SP_184028_20160819_20200906_02_T1_ST_B10.TIF 93.82505922222222 93910.06982655555 0.9324435003292971
LC08_L2SP_184028_20160904_20200906_02_T1_ST_B10.TIF 113.44899055555555 101071.56111344445 0.9228547659861394
LC08_L2SP_184028_20160920_20200906_02_T2_ST_B10.TIF 72.31521333333333 68932.3432 0.9964977953511795
LC08_L2SP_184028_20161006_20200906_02_T1_ST_B10.TIF 75.32670611111111 86625.01872477778 0.9911180016160299
LC08_L2SP_184028_20161022_20200905_02_T2_ST_B10.TIF 69.99118966666667 76943.30118255556 0.9709201310101483
LC08_L2SP_184028_20161107_20200905_02_T1_ST_B10.TIF 82.90654755555556 64833.78272555555 0.9973715085045962
LC08_L2SP_184028_20161123_20200905_02_T1_ST_B10.TIF 69.67247366666666 84056.94123655556 0.911304846751515
LC08_L2SP_184028_20161209_20200905_02_T1_ST_B10.TIF 57.86968477777778 51285.24623788889 0.9834133251416574
LC08_L2SP_184028_20161225_20200905_02_T2_ST_B10.TIF 56.645509777777775 71743.05806377777 0.9596383807906348
LC08_L2SP_184028_20170110_20200905_02_T1_ST_B10.TIF 80.36424611111111 72012.18362144445 0.9325063611965535
LC08_L2SP_184028_20170126_20200905_02_T1_ST_B10.TIF 58.678948444444444 67924.79942155555 0.8609980843639329
LC08_L2SP_184028_20170211_20200905_02_T1_ST_B10.TIF 71.34487066666667 88202.4272388889 0.8268159627238183
LC08_L2SP_184028_20170227_20200905_02_T1_ST_B10.TIF 70.06713844444444 82612.78629644445 0.9927709501988898
LC08_L2SP_184028_20170315_20200904_02_T1_ST_B10.TIF 89.70441777777778 87733.7580251111 0.9685208964465029
LC08_L2SP_184028_20170331_20200904_02_T1_ST_B10.TIF 90.665862 95091.70887644445 0.9554253178360046
LC08_L2SP_184028_20170416_20200904_02_T1_ST_B10.TIF 67.028143 74454.22743655555 0.9924609396079012
LC08_L2SP_184028_20170502_20200904_02_T1_ST_B10.TIF 104.89460111111111 106138.604134 0.9360477243629549
LC08_L2SP_184028_20170518_20200904_02_T1_ST_B10.TIF 123.69003511111111 104261.51171866666 0.9596272845044304
LC08_L2SP_184028_20170603_20200903_02_T1_ST_B10.TIF 126.26206477777778 101767.94570855556 0.9693785905970242
LC08_L2SP_184028_20170619_20200903_02_T1_ST_B10.TIF 96.76441133333333 94007.4296631111 0.9405970256454119
LC08_L2SP_184028_20170705_20200903_02_T1_ST_B10.TIF 100.38551188888889 89942.54701011111 0.9917104627267854
LC08_L2SP_184028_20170721_20200903_02_T1_ST_B10.TIF 124.66611455555555 105652.42357322222 0.9290731571795195
LC08_L2SP_184028_20170806_20200903_02_T1_ST_B10.TIF 143.22708222222224 121115.35786244445 0.993398516848436
LC08_L2SP_184028_20170822_20200903_02_T1_ST_B10.TIF 97.994311 94405.28507233334 0.9761106040686027
LC08_L2SP_184028_20170907_20200903_02_T1_ST_B10.TIF 116.58586633333333 100502.42032433333 0.9958772525164855
LC08_L2SP_184028_20170923_20200903_02_T1_ST_B10.TIF 66.47740411111111 63826.32539522222 0.9917769330741315
LC08_L2SP_184028_20171009_20200903_02_T1_ST_B10.TIF 68.885367 76965.47327188888 0.9896529423561375
LC08_L2SP_184028_20171025_20200902_02_T1_ST_B10.TIF 73.56289311111111 89068.97155133334 0.8856146893542302
LC08_L2SP_184028_20171110_20200902_02_T1_ST_B10.TIF 59.18588911111111 74997.90290822223 0.9749645955403107
LC08_L2SP_184028_20171126_20200902_02_T1_ST_B10.TIF 63.53999966666667 63914.38387322222 0.9945122337815504
LC08_L2SP_184028_20171212_20200902_02_T1_ST_B10.TIF 82.23016744444445 30525.95987922222 0.9992329876635875
LC08_L2SP_184028_20171228_20200902_02_T1_ST_B10.TIF 76.90496633333333 64163.738399444446 0.9978856037348808
LC08_L2SP_184028_20180113_20200902_02_T1_ST_B10.TIF 51.97402588888889 67095.75899366666 0.9262754153201785
LC08_L2SP_184028_20180129_20200902_02_T2_ST_B10.TIF 55.379660333333334 77837.15734322222 0.8821959631726723
LC08_L2SP_184028_20180214_20200902_02_T2_ST_B10.TIF 50.08903022222222 65646.00137133333 0.985808892838546
LC08_L2SP_184028_20180302_20200902_02_T2_ST_B10.TIF 70.07949777777777 62003.83867511111 0.995567872454717
LC08_L2SP_184028_20180318_20200901_02_T2_ST_B10.TIF 89.098672 31195.38403711111 0.9881911616109346
LC08_L2SP_184028_20180403_20200901_02_T1_ST_B10.TIF 69.761832 79779.39815044444 0.9939265358705949
LC08_L2SP_184028_20180419_20201015_02_T1_ST_B10.TIF 97.62193833333333 98677.23809655555 0.9617087573389882
LC08_L2SP_184028_20180505_20200901_02_T1_ST_B10.TIF 195.73462866666668 160658.17464377778 0.9489876697248734
LC08_L2SP_184028_20180521_20200901_02_T1_ST_B10.TIF 129.5681248888889 114065.08254777778 0.9972987257615047
LC08_L2SP_184028_20180606_20200831_02_T1_ST_B10.TIF 153.81511633333332 113398.93038633333 0.9944775591694245
LC08_L2SP_184028_20180622_20200831_02_T1_ST_B10.TIF 117.90071888888889 105874.2601988889 0.9889203474326311
LC08_L2SP_184028_20180708_20200831_02_T2_ST_B10.TIF 78.30597922222222 32404.033910555554 0.9997278951947243
LC08_L2SP_184028_20180724_20200831_02_T2_ST_B10.TIF 86.79007055555556 89936.52214922222 0.9920314473747534
LC08_L2SP_184028_20180809_20200831_02_T1_ST_B10.TIF 119.07875355555555 112230.84145866666 0.9162198626587773
LC08_L2SP_184028_20180825_20200831_02_T1_ST_B10.TIF 117.08211644444444 95411.78319555556 0.9303927145753835
LC08_L2SP_184028_20180910_20200830_02_T1_ST_B10.TIF 100.006218 95765.31531644444 0.9949852753009246
LC08_L2SP_184028_20180926_20200830_02_T1_ST_B10.TIF 94.79789677777778 101639.34820366667 0.9724331504704011
LC08_L2SP_184028_20181012_20200830_02_T1_ST_B10.TIF 87.06116088888889 101419.26259666667 0.9045381499389253
LC08_L2SP_184028_20181028_20200830_02_T1_ST_B10.TIF 78.5479778888889 93400.65992677778 0.9632356977808832
LC08_L2SP_184028_20181113_20200830_02_T1_ST_B10.TIF 77.07617344444445 95032.22712011111 0.896157449457574
LC08_L2SP_184028_20181129_20200830_02_T1_ST_B10.TIF 65.5956421111111 74548.950891 0.9793614320323705
LC08_L2SP_184028_20181215_20200830_02_T2_ST_B10.TIF 45.84977188888889 53767.70918766667 0.9831410822623393
LC08_L2SP_184028_20181231_20200830_02_T2_ST_B10.TIF 60.59553711111111 78480.84502266666 0.980432968990453
LC08_L2SP_184028_20190116_20200830_02_T1_ST_B10.TIF 60.974589333333334 74335.7194611111 0.9924688430503174
LC08_L2SP_184028_20190201_20200829_02_T1_ST_B10.TIF 77.24078077777777 73722.80908922222 0.994158395686605
LC08_L2SP_184028_20190217_20200829_02_T1_ST_B10.TIF 82.14818888888888 88272.66147533333 0.931445684398654
LC08_L2SP_184028_20190305_20200829_02_T1_ST_B10.TIF 85.95489877777777 96212.21057011111 0.9893692912508566
LC08_L2SP_184028_20190321_20200829_02_T1_ST_B10.TIF 77.00639122222222 78206.42704166667 0.9829821642960614
LC08_L2SP_184028_20190406_20200829_02_T1_ST_B10.TIF 103.499669 89118.64086188888 0.9960119428836858
LC08_L2SP_184028_20190422_20200828_02_T2_ST_B10.TIF 78.83938177777777 68871.45181022222 0.9963673214076322
LC08_L2SP_184028_20190508_20200829_02_T1_ST_B10.TIF 67.75762288888889 73799.81562911111 0.9863376533812387
LC08_L2SP_184028_20190524_20200828_02_T1_ST_B10.TIF 85.97080788888888 95114.202663 0.9908733321984416
LC08_L2SP_184028_20190609_20200828_02_T1_ST_B10.TIF 137.04821455555555 119771.87795211111 0.9551363218053162
LC08_L2SP_184028_20190625_20200827_02_T1_ST_B10.TIF 125.23160055555556 134863.37120855556 0.9971094833774553
LC08_L2SP_184028_20190711_20200827_02_T1_ST_B10.TIF 98.519899 87049.26258411111 0.997153212909546
LC08_L2SP_184028_20190727_20200827_02_T1_ST_B10.TIF 127.22921477777778 105729.99101611112 0.922333264223619
LC08_L2SP_184028_20190812_20200827_02_T1_ST_B10.TIF 120.47054177777778 102930.75699688889 0.9035202964291995
LC08_L2SP_184028_20190828_20200826_02_T1_ST_B10.TIF 120.81006511111111 101885.49388133333 0.9287041811879337
LC08_L2SP_184028_20190913_20200826_02_T1_ST_B10.TIF 118.688412 101538.68676977778 0.9370389916086416
LC08_L2SP_184028_20190929_20200825_02_T1_ST_B10.TIF 77.60251277777778 85374.48713144445 0.9845902534765979
LC08_L2SP_184028_20191015_20200825_02_T1_ST_B10.TIF 81.27851266666667 92808.65444822222 0.9430628997807118
LC08_L2SP_184028_20191031_20200825_02_T2_ST_B10.TIF 56.26213966666667 80915.11542166666 0.9404522047599152
LC08_L2SP_184028_20191116_20200825_02_T1_ST_B10.TIF 69.257013 87698.90271255556 0.9928638596470013
LC08_L2SP_184028_20191202_20200825_02_T1_ST_B10.TIF 56.36035911111111 58439.05344244444 0.9928062824849597
LC08_L2SP_184028_20191218_20201023_02_T1_ST_B10.TIF 69.555964 83582.74027777778 0.9445924695012309
LC08_L2SP_184028_20200103_20200823_02_T1_ST_B10.TIF 75.70846522222222 72114.899875 0.9746150735460689
LC08_L2SP_184028_20200119_20200823_02_T1_ST_B10.TIF 48.35737566666667 79156.29560611112 0.5823244331294081
LC08_L2SP_184028_20200204_20200823_02_T2_ST_B10.TIF 69.86581488888889 36852.31372822222 0.9946701974529285
LC08_L2SP_184028_20200220_20200822_02_T1_ST_B10.TIF 56.50390633333333 69155.37494166667 0.9900733756488935
LC08_L2SP_184028_20200307_20200822_02_T1_ST_B10.TIF 79.10453055555556 89746.79542077778 0.9814966236220926
LC08_L2SP_184028_20200323_20200822_02_T2_ST_B10.TIF 44.168305777777775 62285.46789177778 0.9314213761656869
LC08_L2SP_184028_20200408_20200822_02_T1_ST_B10.TIF 113.23896866666666 108658.92790844444 0.9374830372103037
LC08_L2SP_184028_20200424_20200822_02_T1_ST_B10.TIF 139.05065911111112 120997.59137333333 0.9658855078835701
LC08_L2SP_184028_20200510_20200820_02_T1_ST_B10.TIF 151.05208433333334 117831.815843 0.9619763044063593
LC08_L2SP_184028_20200526_20200820_02_T1_ST_B10.TIF 114.39075555555556 101137.00971711111 0.9981677036900682
LC08_L2SP_184028_20200611_20200824_02_T1_ST_B10.TIF 104.57101688888889 81897.80781355556 0.9981335682603695
LC08_L2SP_184028_20200627_20200824_02_T1_ST_B10.TIF 112.49253366666667 109585.29080655555 0.9149114697662348
LC08_L2SP_184028_20200713_20200912_02_T1_ST_B10.TIF 101.351817 94302.65931344444 0.9895149521284096
LC08_L2SP_184028_20200729_20200908_02_T1_ST_B10.TIF 112.75849122222222 93665.71355077777 0.9312158820810547
LC08_L2SP_184028_20200814_20200919_02_T1_ST_B10.TIF 146.8861158888889 116473.66588922222 0.9382028553532328
LC08_L2SP_184028_20200830_20200906_02_T1_ST_B10.TIF 118.3634841111111 102440.87035055556 0.9053173303586369
LC08_L2SP_184028_20200915_20200919_02_T1_ST_B10.TIF 116.58620033333334 100951.575577 0.928204700610345
LC08_L2SP_184028_20201001_20201006_02_T2_ST_B10.TIF 67.51078055555556 75022.13044811111 0.9782334036877789
LC08_L2SP_184028_20201017_20201105_02_T1_ST_B10.TIF 75.09789855555556 90236.44630922223 0.9874560777612998
LC08_L2SP_184028_20201118_20210315_02_T1_ST_B10.TIF 55.390941777777776 77253.75749111112 0.9046523281189117
LC08_L2SP_184028_20201204_20210313_02_T1_ST_B10.TIF 63.77516277777778 66975.28064766667 0.9773935168151204
LC08_L2SP_184028_20201220_20210310_02_T1_ST_B10.TIF 53.81834777777778 77106.84177133333 0.6268309401801913
LC08_L2SP_184028_20210105_20210309_02_T2_ST_B10.TIF 70.28692066666666 71999.5498891111 0.9829889465707109
LC08_L2SP_184028_20210121_20210307_02_T1_ST_B10.TIF 78.20301011111111 88654.88495322222 0.880333628113385
LC08_L2SP_184028_20210206_20210302_02_T1_ST_B10.TIF 51.99013244444444 67225.23142266666 0.8610709336322545
LC08_L2SP_184028_20210222_20210303_02_T1_ST_B10.TIF 61.06834333333333 83327.577796 0.7143590035326339
LC08_L2SP_184028_20210310_20210317_02_T1_ST_B10.TIF 42.392703777777776 63618.96496444444 0.9832765335132463
LC08_L2SP_184028_20210326_20210402_02_T1_ST_B10.TIF 95.01351655555555 102095.46076988889 0.9593300849159032
LC08_L2SP_184028_20210411_20210416_02_T1_ST_B10.TIF 100.98770766666667 94204.22231877777 0.9340318730134367
LC08_L2SP_184028_20210427_20210501_02_T2_ST_B10.TIF 67.71775277777778 62449.282539444444 0.9940076727790377
LC08_L2SP_184028_20210513_20210524_02_T1_ST_B10.TIF 100.24118977777778 89359.41666711112 0.9959718147072562
LC08_L2SP_184028_20210529_20210608_02_T1_ST_B10.TIF 77.22921844444444 77097.732606 0.9952136711567047
LC08_L2SP_184028_20210614_20210622_02_T1_ST_B10.TIF 91.22142711111111 66167.56715711112 0.9984574617707406
LC08_L2SP_184028_20210630_20210708_02_T1_ST_B10.TIF 114.96044466666666 104966.00405622223 0.9860990943220526
LC08_L2SP_184028_20210716_20210721_02_T1_ST_B10.TIF 134.4745017777778 121397.42087377778 0.9945331251719839
LC08_L2SP_184028_20210801_20210810_02_T1_ST_B10.TIF 118.07967822222223 101961.21091444444 0.9127400317077596
LC08_L2SP_184028_20210817_20210827_02_T1_ST_B10.TIF 100.73599822222222 74731.59046533333 0.9990906461829877
LC08_L2SP_184028_20210902_20210910_02_T1_ST_B10.TIF 81.18578577777778 85454.13078488888 0.9917746569470708
LC08_L2SP_184028_20210918_20210925_02_T1_ST_B10.TIF 75.04077188888888 86712.175621 0.9868686445333491
LC08_L2SP_184028_20211004_20211013_02_T1_ST_B10.TIF 78.03698677777778 87046.086843 0.8833542376590796
LC08_L2SP_184028_20211020_20211026_02_T1_ST_B10.TIF 76.30487344444444 88235.85244077777 0.9191012931017539
LC08_L2SP_184028_20211105_20211116_02_T1_ST_B10.TIF 78.31058955555555 67114.526998 0.9979762448124669
LC08_L2SP_184028_20211121_20211130_02_T1_ST_B10.TIF 54.42980677777778 80477.034581 0.6788142324749951
LC08_L2SP_184028_20211207_20211215_02_T2_ST_B10.TIF 73.37167033333333 34076.97944544444 0.9989865561929009
LC08_L2SP_184028_20211223_20211230_02_T1_ST_B10.TIF 81.49951811111112 79577.56027722222 0.9173197388959209
LC08_L2SP_184028_20220108_20220114_02_T1_ST_B10.TIF 60.762337 77087.34139344444 0.9737216049170214
LC08_L2SP_184028_20220124_20220128_02_T1_ST_B10.TIF 80.67701222222222 87109.85473266666 0.9487585915937315
LC08_L2SP_184028_20220209_20220222_02_T1_ST_B10.TIF 55.635448555555556 71901.26230811111 0.8837185076428422
LC08_L2SP_184028_20220225_20220301_02_T1_ST_B10.TIF 72.73107344444445 81759.29780344444 0.9214156896656758
LC08_L2SP_184028_20220313_20220321_02_T1_ST_B10.TIF 78.81422644444444 84880.71553955556 0.9879142343365857
LC08_L2SP_184028_20220329_20220406_02_T1_ST_B10.TIF 91.59263644444444 91553.52730177778 0.9922081844410793
LC08_L2SP_184028_20220414_20220420_02_T1_ST_B10.TIF 108.19276711111111 101839.17140622222 0.9464333504970656
LC08_L2SP_184028_20220430_20220504_02_T1_ST_B10.TIF 98.02946366666667 88303.90857944444 0.9603539554503753
LC08_L2SP_184028_20220516_20220524_02_T1_ST_B10.TIF 122.44908688888889 103343.73066311111 0.9896272449518473
LC08_L2SP_184028_20220601_20220609_02_T1_ST_B10.TIF 96.38257333333334 92009.63921177777 0.9645298392184775
LC08_L2SP_184028_20220617_20220629_02_T1_ST_B10.TIF 76.25055988888889 84333.03775255555 0.9944376273778762
LC08_L2SP_184028_20220703_20220708_02_T1_ST_B10.TIF 122.6522201111111 98122.98314077778 0.9370435378260443
LC08_L2SP_184028_20220719_20220726_02_T1_ST_B10.TIF 145.62696 119475.15455933333 0.9413296426558908
LC08_L2SP_184028_20220804_20220818_02_T1_ST_B10.TIF 156.77720711111112 121519.80535422222 0.9467949002260734
LC08_L2SP_184028_20220820_20220923_02_T1_ST_B10.TIF 139.81995 111299.77045377778 0.9461358341642241
LC08_L2SP_184028_20220905_20220914_02_T1_ST_B10.TIF 111.25683733333334 99287.5187291111 0.9933317063188836
LC08_L2SP_184028_20220921_20220929_02_T1_ST_B10.TIF 84.31657666666666 86405.796848 0.9861987976788843
LC08_L2SP_184028_20221007_20221013_02_T1_ST_B10.TIF 81.39213555555556 91161.91943955555 0.9900981178911467
LC08_L2SP_184028_20221023_20221101_02_T1_ST_B10.TIF 64.15585511111111 80123.22703444444 0.9799387417666396
LC08_L2SP_184028_20221108_20221115_02_T1_ST_B10.TIF 57.784165 87729.56630144444 0.9170684262502119
LC08_L2SP_184028_20221124_20221205_02_T2_ST_B10.TIF 62.831238222222225 57587.48729622222 0.9950749260738678
LC08_L2SP_184028_20221210_20221219_02_T1_ST_B10.TIF 89.339861 82649.59527255555 0.9978588338731325
LC08_L2SP_184028_20221226_20230104_02_T1_ST_B10.TIF 61.79041688888889 86602.56033044444 0.9911857562188138
LC08_L2SP_184028_20230111_20230124_02_T2_ST_B10.TIF 81.205705 42339.24092722222 0.9983763219231745
LC08_L2SP_184028_20230212_20230218_02_T1_ST_B10.TIF 53.96311677777778 76921.28645766666 0.8150517567822849
LC08_L2SP_184028_20230228_20230315_02_T1_ST_B10.TIF 68.79164955555555 68975.26581777778 0.9843716848594989
LC08_L2SP_184028_20230316_20230321_02_T2_ST_B10.TIF 64.07887922222223 72676.52198433333 0.9247802366132609
LC08_L2SP_184028_20230401_20230411_02_T2_ST_B10.TIF 82.62514566666667 64025.00993322222 0.996239939428008
LC08_L2SP_184028_20230417_20230428_02_T2_ST_B10.TIF 95.16726855555555 86253.65937966667 0.9915524258108324
LC08_L2SP_184028_20230503_20230509_02_T1_ST_B10.TIF 68.836237 58522.08795677778 0.9979633568300134
LC08_L2SP_184028_20230519_20230524_02_T1_ST_B10.TIF 107.34953166666666 89210.74024055556 0.997435181109889
LC08_L2SP_184028_20230604_20230607_02_T1_ST_B10.TIF 107.09759788888888 107172.10874544445 0.9870796830168637
LC08_L2SP_184028_20230620_20230629_02_T1_ST_B10.TIF 105.43465633333334 102504.78084055556 0.9503322426453755
LC08_L2SP_184028_20230706_20230717_02_T1_ST_B10.TIF 97.97740355555555 83369.82495288888 0.9984133687287695
LC08_L2SP_184028_20230722_20230803_02_T1_ST_B10.TIF 108.08226988888889 110701.91840388889 0.9917407977011676
LC08_L2SP_184028_20230807_20230812_02_T1_ST_B10.TIF 93.34555577777778 89439.22561755555 0.9893462526094474
LC08_L2SP_184028_20230823_20230826_02_T1_ST_B10.TIF 137.87853277777776 125327.57811455555 0.9655241307482658
LC08_L2SP_184028_20230908_20230912_02_T1_ST_B10.TIF 105.24799677777777 108243.24215255555 0.9033678650356819
LC08_L2SP_184028_20230924_20231002_02_T1_ST_B10.TIF 107.97101733333334 86843.02046644445 0.9996359071705563
LC08_L2SP_184028_20231010_20231017_02_T1_ST_B10.TIF 77.993835 87128.40207877778 0.979961408820234
LC08_L2SP_184028_20231026_20231101_02_T1_ST_B10.TIF 89.68762488888889 40880.77527244444 0.9991796045159974
LC08_L2SP_184028_20231111_20231117_02_T1_ST_B10.TIF 65.68311622222222 76796.74697466666 0.9959259515066899
LC08_L2SP_184028_20231127_20231129_02_T1_ST_B10.TIF 74.274973 77384.47415633334 0.9834118988028058
LC08_L2SP_184028_20231213_20231215_02_T2_ST_B10.TIF 57.28754088888889 52152.464118 0.9943679231261064
LC08_L2SP_184028_20231229_20240108_02_T1_ST_B10.TIF 67.217944 75537.132264 0.9598176078301895
LC08_L2SP_184028_20240114_20240123_02_T1_ST_B10.TIF 65.94090633333333 73658.237437 0.9807746825997459
LC08_L2SP_184028_20240130_20240207_02_T1_ST_B10.TIF 73.44708355555555 82577.79714844444 0.8679813871514602
LC08_L2SP_184028_20240215_20240223_02_T1_ST_B10.TIF 72.02292444444444 86510.89723911112 0.8679685549448858
LC08_L2SP_184028_20240302_20240314_02_T1_ST_B10.TIF 62.91423622222222 53174.13267777778 0.9959449285437586
LC08_L2SP_184028_20240318_20240402_02_T1_ST_B10.TIF 93.33197911111111 84910.725874 0.9924463389203654
LC08_L2SP_184028_20240403_20240411_02_T1_ST_B10.TIF 108.06801911111111 98520.67410911112 0.9874615855115576
LC08_L2SP_184028_20240419_20240429_02_T1_ST_B10.TIF 78.55963711111112 71037.45941555555 0.9946404963909642
LC08_L2SP_184028_20240505_20240513_02_T1_ST_B10.TIF 148.2513438888889 127628.65680122223 0.9783017156593609
LC08_L2SP_184028_20240521_20240605_02_T1_ST_B10.TIF 89.81115633333333 84183.95467188889 0.9825755038153803
LC08_L2SP_184028_20240606_20240627_02_T1_ST_B10.TIF 121.99854511111111 103548.07135644444 0.9838283056240802
LC08_L2SP_184028_20240622_20240706_02_T1_ST_B10.TIF 126.481477 111665.29412944445 0.9160501899237017
LC08_L2SP_184028_20240708_20240718_02_T1_ST_B10.TIF 130.87947455555556 102490.43812344444 0.9623911155352661
LC08_L2SP_184028_20240724_20240801_02_T1_ST_B10.TIF 138.5021701111111 84640.22153277778 0.9987869158971028
LC08_L2SP_184028_20240809_20240815_02_T2_ST_B10.TIF 142.6811057777778 76070.20384311111 0.9984194191373634
LC08_L2SP_184028_20240825_20240831_02_T1_ST_B10.TIF 159.41201922222223 123027.28627811112 0.950484947356563
LC08_L2SP_184028_20240910_20240914_02_T2_ST_B10.TIF 81.05425433333333 55500.83284811111 0.9866151271676503
LC08_L2SP_184028_20240926_20241001_02_T1_ST_B10.TIF 75.66403633333333 78445.88522455556 0.9989720468460018
LC08_L2SP_184028_20241012_20241016_02_T2_ST_B10.TIF 70.01490166666666 81673.75660033333 0.9804897256222468
LC08_L2SP_184028_20241028_20241104_02_T1_ST_B10.TIF 76.30877611111111 86670.48419633333 0.876388241873869
LC08_L2SP_184028_20241113_20241119_02_T1_ST_B10.TIF 50.438360555555555 72520.81557811111 0.7414202852239586
